df 0.05 0.01 0.001
1 161.4476 4052.181 405284.0679
2 18.5128 98.503 998.5002501
3 10.1280 34.116 167.0292238
4 7.7086 21.198 74.13729332
5 6.6079 16.258 47.18077922
6 5.9874 13.745 35.50749025
7 5.5914 12.246 29.24519336
8 5.3177 11.259 25.41476047
9 5.1174 10.561 22.85712515
10 4.9646 10.044 21.03959527
11 4.8443 9.646 19.68678565
12 4.7472 9.330 18.64332157
13 4.6672 9.074 17.81542047
14 4.6001 8.862 17.14336026
15 4.5431 8.683 16.58741634
16 4.4940 8.531 16.12019551
17 4.4513 8.400 15.72222635
18 4.4139 8.285 15.37930598
19 4.3807 8.185 15.08084102
20 4.3512 8.096 14.81877555
21 4.3248 8.017 14.58687806
22 4.3009 7.945 14.38025503
23 4.2793 7.881 14.19501174
24 4.2597 7.823 14.02801082
25 4.2417 7.770 13.87669745
26 4.2252 7.721 13.73897062
27 4.2100 7.677 13.61308701
28 4.1960 7.636 13.49758824
29 4.1830 7.598 13.3912451
30 4.1709 7.562 13.29301437
